image_width: 640
image_height: 480
camera_name: 16042710004
camera_matrix:
  rows: 3
  cols: 3
  data: [502.850289, 0.000000, 325.927606, 0.000000, 501.167714, 239.614697, 0.000000, 0.000000, 1.000000]
distortion_model: plumb_bob
distortion_coefficients:
  rows: 1
  cols: 5
  data: [-0.032862, -0.025704, -0.003033, 0.004531, 0.000000]
rectification_matrix:
  rows: 3
  cols: 3
  data: [1.000000, 0.000000, 0.000000, 0.000000, 1.000000, 0.000000, 0.000000, 0.000000, 1.000000]
projection_matrix:
  rows: 3
  cols: 4
  data: [493.328583, 0.000000, 329.245910, 0.000000, 0.000000, 496.767578, 238.484082, 0.000000, 0.000000, 0.000000, 1.000000, 0.000000]
