image_width: 640
image_height: 480
camera_name: 16091910045
camera_matrix:
  rows: 3
  cols: 3
  data: [496.734185, 0.000000, 368.095466, 0.000000, 491.721745, 248.578629, 0.000000, 0.000000, 1.000000]
distortion_model: plumb_bob
distortion_coefficients:
  rows: 1
  cols: 5
  data: [-0.071069, 0.024841, -0.000067, 0.024236, 0.000000]
rectification_matrix:
  rows: 3
  cols: 3
  data: [1.000000, 0.000000, 0.000000, 0.000000, 1.000000, 0.000000, 0.000000, 0.000000, 1.000000]
projection_matrix:
  rows: 3
  cols: 4
  data: [471.903168, 0.000000, 386.903326, 0.000000, 0.000000, 489.443268, 248.733955, 0.000000, 0.000000, 0.000000, 1.000000, 0.000000]
